11111011100110011100011001001101
00001111010001111111111100001010
10001010110101010010000100100101
11010100011010001100100001101010
11100100101000001000010101010011
10011000101000011110100101011101
01111111101100001010110000100010
01100010100101110101111111100101
10111111000110100100010000010000
01100100110111010100000111101010
00000101001111100010010001100011
00011111111010111001100101111011
00011000001101110001100101110100
11111111111011000000000000011000
10001001010011010101001011001101
11000111011100011001100110000011
01101101000101110110111011010100
01110000101110110111000000110111
01001010010001101010000101010111
00001011101101001000011000100111
10110010000100111001010000001001
00100010111110011001000010111011
00101001010110000110110011011011
10111001100010111110101001110010
01001110000110010111101100010001
10111111001011000101000000110000
01011111111111110111000101011010
10101101011110010010011100100010
11110101100101100000011010100001
01000000000111000100001011010010
11010100000100101110111001011101
10000100110110101000111001110010
01001001001111101101010110001101
00000000001111100110010000001011
10010101101101001101001001110000
10010000110011101011000001110101
00110111000001111001110000001101
10101100000010010101010001101000
00101111001110100010101110101001
01110111110101111010101111001110
11111111101010110111110101001101
00101000000100110001001010000101
11110111100011011011111111110101
10100000010111100100001011011001
10000101101110011001010101001101
10010010011001101010111111011110
10011111010001011101100000110000
01101100001000100100000011111101
00100100101010101111010001011111
10110001111001100001110000110001
10110100100011100110110010001000
01011010001011110000011110100100
01110011010100111110110101110111
01010011101101011011010010000110
11111000101000111100110111001111
11010000100100101001100001111110
11011111001110011011100101000111
01110011101000011010000100011111
00101000001011001110111101001000
01101011010001110111111000000111
00011001101001010100110101011100
00011101010101011000000011001001
01100100010110101010100110010010
11000011001110001100110101011111
11001110001100010011110000101101
11110100001110111110000001101101
11011011011000111101011111010011
11111010100100011000011111101000
11111010111000101110100000000100
01111110011010110010101011101011
01110010110010101101101111000101
11000100011100010100100110110010
00010110000110001110011110011111
11001000010010111011010010101011
00110101011010001010000001011011
01101000110100111010111000010011
01101110111110100010101001011001
10010010111110100100001001000000
01011111001111011100101011001010
11100000111100101000110101001101
11110010001000011111000111111000
01000001101011001001111101110011
00001101011110011100101011101000
10100101001110001100011110001011
11110111111101101110100101000010
11000011011101110100001100001001
00111110111110101011111011101100
00011011001111111110111010110001
00000011011001010001001101011000
00001110000001011100011101100110
11111000100101111010101001101100
10000101000001001111111101010101
11001011010000010011010101101000
11011111100111111000001111100110
11001000101001110111100111000011
11010001110001011100111011011001
00000001011111000110110000111101
10110011100100011101000011101101
10111010011000001100001101100110
11011001110010101001101100100000
00001111001111100101111011101111
00010000101011100101001000011011
11111001110101000100101100110001
00011101100010110000011011010101
00110010111000011100111000000010
01100000000100100011000100100010
00001100001101011101101001110101
10100110001100010111001010000011
01010010110111010010110111101100
01000100011001101000111111000111
01101010100010000111110101111111
00011111110000111100000100011110
